0 0.3 27 0.80387 0.073271 0.073271 0.014928 0.014928 0.008149 0.0034229 0.0034229 0.0016059 0.0015806 0.00047168 0.00047168 0.000387 9.2857e-05 9.2857e-05 3.4374e-05
0.04 0.3 26 0.80296 0.073162 0.073162 0.015421 0.015421 0.0081363 0.0034262 0.0034262 0.0016617 0.001635 0.00047212 0.00047212 0.00041484 9.6545e-05 9.6545e-05 3.4498e-05
0.08 0.3 25 0.80201 0.073048 0.073048 0.015939 0.015939 0.0081229 0.0034298 0.0034298 0.0017204 0.0016923 0.0004726 0.0004726 0.00044526 0.00010046 0.00010046 3.4632e-05
0.12 0.3 24 0.801 0.072928 0.072928 0.016483 0.016483 0.008109 0.0034337 0.0034337 0.0017824 0.0017526 0.00047855 0.00047313 0.00047313 0.00010464 0.00010464 3.4777e-05
0.16 0.3 23 0.79993 0.072802 0.072802 0.017056 0.017056 0.0080944 0.0034379 0.0034379 0.0018477 0.0018161 0.00051506 0.0004737 0.0004737 0.00010908 0.00010908 3.4934e-05
0.2 0.3 22 0.79881 0.07267 0.07267 0.01766 0.01766 0.008079 0.0034424 0.0034424 0.0019166 0.0018832 0.00055515 0.00047433 0.00047433 0.00011383 0.00011383 3.5104e-05
0.24 0.3 21 0.79762 0.072532 0.072532 0.018296 0.018296 0.008063 0.0034474 0.0034474 0.0019895 0.0019541 0.00059928 0.00047501 0.00047501 0.00011891 0.00011891 3.5289e-05
0.28 0.3 20 0.79636 0.072385 0.072385 0.018967 0.018967 0.0080461 0.0034529 0.0034529 0.0020666 0.0020291 0.00064795 0.00047576 0.00047576 0.00012435 0.00012435 3.549e-05
0.32 0.3 19 0.79503 0.072231 0.072231 0.019676 0.019676 0.0080283 0.0034588 0.0034588 0.0021482 0.0021084 0.00070173 0.00047658 0.00047658 0.0001302 0.0001302 3.5709e-05
0.36 0.3 18 0.79362 0.072069 0.072069 0.020425 0.020425 0.0080095 0.0034652 0.0034652 0.0022348 0.0021925 0.00076131 0.00047747 0.00047747 0.00013648 0.00013648 3.5949e-05
0.4 0.3 17 0.79212 0.071897 0.071897 0.021219 0.021219 0.0079897 0.0034723 0.0034723 0.0023267 0.0022817 0.00082744 0.00047845 0.00047845 0.00014326 0.00014326 3.6211e-05
0.44 0.3 16 0.79052 0.071715 0.071715 0.02206 0.02206 0.0079688 0.00348 0.00348 0.0024245 0.0023765 0.00090104 0.00047951 0.00047951 0.00015059 0.00015059 3.6498e-05
0.48 0.3 15 0.78882 0.071523 0.071523 0.022952 0.022952 0.0079467 0.0034885 0.0034885 0.0025285 0.0024774 0.00098317 0.00048068 0.00048068 0.00015852 0.00015852 3.6813e-05
0.52 0.3 14 0.78701 0.071318 0.071318 0.023901 0.023901 0.0079233 0.0034977 0.0034977 0.0026394 0.0025849 0.0010751 0.00048197 0.00048197 0.00016715 0.00016715 3.7161e-05
0.56 0.3 13 0.78507 0.071101 0.071101 0.02491 0.02491 0.0078985 0.0035079 0.0035079 0.0027578 0.0026996 0.0011782 0.00048338 0.00048338 0.00017654 0.00017654 3.7545e-05
0.6 0.3 12 0.783 0.070869 0.070869 0.025985 0.025985 0.0078721 0.003519 0.003519 0.0028844 0.0028221 0.0012942 0.00048493 0.00048493 0.00018681 0.00018681 3.797e-05
0.64 0.3 11 0.78078 0.070622 0.070622 0.027132 0.027132 0.007844 0.0035313 0.0035313 0.0030201 0.0029533 0.0014252 0.00048664 0.00048664 0.00019807 0.00019807 3.8443e-05
0.68 0.3 10 0.77839 0.070358 0.070358 0.028359 0.028359 0.0078141 0.0035449 0.0035449 0.0031656 0.003094 0.0015737 0.00048853 0.00048853 0.00021047 0.00021047 3.897e-05
0.72 0.3 9 0.77583 0.070074 0.070074 0.029673 0.029673 0.0077823 0.0035598 0.0035598 0.0033221 0.0032451 0.0017425 0.00049062 0.00049062 0.00022417 0.00022417 3.9561e-05
0.76 0.3 8 0.77306 0.06977 0.06977 0.031082 0.031082 0.0077484 0.0035764 0.0035764 0.0034907 0.0034079 0.0019353 0.00049294 0.00049294 0.00023937 0.00023937 4.0225e-05
0.8 0.3 7 0.77006 0.069442 0.069442 0.032598 0.032598 0.0077123 0.0036727 0.0035947 0.0035947 0.0035835 0.0021563 0.00049552 0.00049552 0.00025632 0.00025632 4.0977e-05
0.84 0.3 6 0.76681 0.069088 0.069088 0.034232 0.034232 0.0076739 0.0038697 0.0037734 0.0036152 0.0036152 0.0024108 0.0004984 0.0004984 0.00027532 0.00027532 4.1832e-05
0.88 0.3 5 0.76328 0.068704 0.068704 0.035996 0.035996 0.0076332 0.0040835 0.0039793 0.003638 0.003638 0.0027052 0.00050164 0.00050164 0.00029675 0.00029675 4.2813e-05
0.92 0.3 4 0.75943 0.068287 0.068287 0.037907 0.037907 0.0075904 0.0043162 0.0042032 0.0036635 0.0036635 0.0030475 0.00050527 0.00050527 0.00032107 0.00032107 4.394e-05
0.96 0.3 3 0.75521 0.067832 0.067832 0.039983 0.039983 0.0075459 0.0045702 0.0044474 0.0036922 0.0036922 0.0034475 0.00050939 0.00050939 0.00034888 0.00034888 4.525e-05
1 0.3 2 0.75058 0.067333 0.067333 0.042245 0.042245 0.0075014 0.0048486 0.0047148 0.0039169 0.0037245 0.0037245 0.00051406 0.00051406 0.00038091 0.00038091 4.6784e-05
1.04 0.3 1 0.74545 0.066785 0.066785 0.04472 0.04472 0.0074606 0.0051547 0.0050086 0.0044691 0.0037612 0.0037612 0.00051942 0.00051942 0.00041818 0.00041818 4.8601e-05
1.08 0.3 1 0.75285 0.057514 0.057514 0.049482 0.049482 0.0076919 0.0066621 0.0062488 0.004566 0.0028235 0.0028235 0.00057156 0.00057156 0.00055034 0.00055034 9.5844e-05
1.12 0.3 2 0.75966 0.05704 0.05704 0.047106 0.047106 0.0078088 0.0066058 0.0058215 0.0042217 0.0026618 0.0026618 0.00055609 0.00055609 0.00052855 0.00052855 9.6734e-05
1.16 0.3 3 0.76605 0.056537 0.056537 0.044895 0.044895 0.0079466 0.0065682 0.0054319 0.0039103 0.0025137 0.0025137 0.0005433 0.0005433 0.00050978 0.00050978 9.8339e-05
1.2 0.3 4 0.77205 0.056008 0.056008 0.042833 0.042833 0.0081054 0.0065493 0.0050753 0.0036285 0.0023775 0.0023775 0.00053264 0.00053264 0.00049393 0.00049393 0.00010061
1.24 0.3 5 0.7777 0.055456 0.055456 0.040905 0.040905 0.008287 0.006549 0.0047482 0.0033731 0.0022517 0.0022517 0.00052384 0.00052384 0.0004808 0.0004808 0.00010356
1.28 0.3 6 0.78303 0.054886 0.054886 0.039097 0.039097 0.0084936 0.0065669 0.0044472 0.0031412 0.0021351 0.0021351 0.00051672 0.00051672 0.00047018 0.00047018 0.0001072
1.32 0.3 7 0.78806 0.0543 0.0543 0.037399 0.037399 0.0087277 0.0066032 0.0041697 0.0029301 0.0020268 0.0020268 0.00051112 0.00051112 0.00046189 0.00046189 0.00011156
1.36 0.3 8 0.7928 0.053701 0.053701 0.035799 0.035799 0.0089922 0.0066579 0.0039132 0.0027377 0.0019259 0.0019259 0.00050694 0.00050694 0.0004558 0.0004558 0.00011668
1.4 0.3 9 0.79728 0.053092 0.053092 0.034291 0.034291 0.0092904 0.0067311 0.0036756 0.002562 0.0018315 0.0018315 0.00050406 0.00050406 0.00045178 0.00045178 0.00012262
1.44 0.3 10 0.8015 0.052474 0.052474 0.032865 0.032865 0.0096257 0.0068232 0.0034554 0.0024012 0.0017432 0.0017432 0.00050248 0.00050248 0.00044971 0.00044971 0.00012943
1.48 0.3 11 0.80547 0.051848 0.051848 0.031514 0.031514 0.010002 0.0069344 0.0032507 0.0022537 0.0016603 0.0016603 0.00050213 0.00050213 0.00044955 0.00044955 0.00013718
1.52 0.3 12 0.80921 0.051217 0.051217 0.030233 0.030233 0.010424 0.0070652 0.0030602 0.0021183 0.0015823 0.0015823 0.00050297 0.00050297 0.00045125 0.00045125 0.00014601
1.56 0.3 13 0.81272 0.05058 0.05058 0.029017 0.029017 0.010896 0.0072161 0.0028826 0.0019936 0.0015089 0.0015089 0.00050495 0.00050495 0.00045475 0.00045475 0.0001559
1.6 0.3 14 0.81601 0.04994 0.04994 0.027859 0.027859 0.011425 0.0073878 0.0027169 0.0018787 0.0014396 0.0014396 0.00050805 0.00050805 0.00046003 0.00046003 0.00016701
1.64 0.3 15 0.81908 0.049296 0.049296 0.026756 0.026756 0.012015 0.0075808 0.002562 0.0017725 0.0013741 0.0013741 0.00051226 0.00051226 0.00046711 0.00046711 0.00017947
1.68 0.3 16 0.82193 0.048649 0.048649 0.025704 0.025704 0.012673 0.0077958 0.0024171 0.0016742 0.0013121 0.0013121 0.00051758 0.00051758 0.00047598 0.00047598 0.0001934
1.72 0.3 17 0.82456 0.047999 0.047999 0.024699 0.024699 0.013408 0.0080335 0.0022813 0.0015831 0.0012533 0.0012533 0.000524 0.000524 0.00048665 0.00048665 0.00020897
1.76 0.3 18 0.82698 0.047347 0.047347 0.023737 0.023737 0.014228 0.0082947 0.0021539 0.0014983 0.0011974 0.0011974 0.00053154 0.00053154 0.00049917 0.00049917 0.00022635
1.8 0.3 19 0.82917 0.046692 0.046692 0.022815 0.022815 0.015141 0.0085802 0.0020342 0.0014194 0.0011444 0.0011444 0.00054021 0.00054021 0.00051354 0.00051354 0.00024571
1.84 0.3 20 0.83114 0.046034 0.046034 0.021932 0.021932 0.016159 0.0088905 0.0019218 0.0013458 0.0010938 0.0010938 0.00055011 0.00055011 0.00052977 0.00052977 0.00026728
1.88 0.3 21 0.83287 0.045374 0.045374 0.021083 0.021083 0.017292 0.0092266 0.0018159 0.0012769 0.0010457 0.0010457 0.00056146 0.00056146 0.00054766 0.00054766 0.00029125
1.92 0.3 22 0.83438 0.04471 0.04471 0.020266 0.020266 0.018553 0.0095887 0.0017161 0.0012123 0.00099968 0.00099968 0.00057541 0.00057541 0.00056614 0.00056614 0.00031784
1.96 0.3 23 0.83564 0.044041 0.044041 0.019956 0.01948 0.01948 0.0099773 0.0016219 0.0011517 0.00095572 0.00095572 0.00059487 0.00059487 0.00058236 0.00058236 0.00034729
2 0.3 24 0.83665 0.043368 0.043368 0.021514 0.018722 0.018722 0.010392 0.001533 0.0010945 0.00091362 0.00091362 0.00061898 0.00061898 0.00059721 0.00059721 0.00037981
2.04 0.3 25 0.8374 0.042689 0.042689 0.023243 0.01799 0.01799 0.010834 0.0014489 0.0010405 0.00087325 0.00087325 0.00064597 0.00064597 0.00061245 0.00061245 0.00041559
2.08 0.3 26 0.83788 0.042003 0.042003 0.025156 0.017283 0.017283 0.0113 0.0013692 0.00098946 0.00083449 0.00083449 0.00067545 0.00067545 0.00062842 0.00062842 0.00045475
2.12 0.3 27 0.8381 0.041308 0.041308 0.027266 0.016599 0.016599 0.01179 0.0012937 0.00094098 0.00079719 0.00079719 0.00070725 0.00070725 0.00064511 0.00064511 0.00049735
2.16 0.3 28 0.83805 0.040602 0.040602 0.029584 0.015938 0.015938 0.012299 0.001222 0.00089491 0.00076124 0.00076124 0.0007412 0.0007412 0.00066239 0.00066239 0.00054327
2.2 0.3 29 0.83773 0.039884 0.039884 0.032115 0.015297 0.015297 0.012824 0.0011538 0.00085111 0.00077703 0.00077703 0.00072653 0.00072653 0.00068003 0.00068003 0.00059217
2.24 0.3 30 0.83718 0.039152 0.039152 0.034856 0.014677 0.014677 0.013359 0.0010889 0.00081429 0.00081429 0.00080975 0.00069772 0.00069772 0.00069295 0.00069295 0.00064319
2.28 0.3 31 0.83619 0.038426 0.038426 0.037937 0.014068 0.014068 0.013921 0.0010277 0.00085568 0.00085568 0.00077371 0.00071728 0.00071728 0.00069635 0.00066091 0.00066091
2.32 0.3 32 0.84201 0.036948 0.036948 0.036509 0.013749 0.013749 0.013614 0.0009495 0.00079342 0.00079342 0.00071957 0.00066642 0.00066642 0.00064943 0.00061449 0.00061449
2.36 0.3 33 0.84758 0.035541 0.035541 0.035145 0.013436 0.013436 0.013312 0.00087813 0.00073632 0.00073632 0.00066978 0.00061967 0.00061967 0.00060595 0.00057181 0.00057181
2.4 0.3 34 0.85289 0.0342 0.0342 0.033843 0.01313 0.01313 0.013015 0.00081296 0.00068394 0.00068394 0.00062398 0.0005767 0.0005767 0.00056567 0.00053257 0.00053257
2.44 0.3 35 0.85797 0.032922 0.032922 0.0326 0.012829 0.012829 0.012723 0.00075335 0.00063582 0.00063582 0.00058178 0.00053714 0.00053714 0.00052834 0.00049642 0.00049642
2.48 0.3 36 0.86282 0.031705 0.031705 0.031413 0.012535 0.012535 0.012437 0.0006988 0.0005916 0.0005916 0.00054289 0.0005007 0.0005007 0.00049375 0.00046311 0.00046311
2.52 0.3 37 0.86746 0.030545 0.030545 0.03028 0.012247 0.012247 0.012157 0.00064883 0.00055093 0.00055093 0.00050701 0.00046713 0.00046713 0.00046169 0.00043239 0.00043239
2.56 0.3 38 0.87189 0.029439 0.029439 0.029199 0.011966 0.011966 0.011882 0.00060302 0.0005135 0.0005135 0.00047389 0.00043616 0.00043616 0.00043197 0.00040405 0.00040405
2.6 0.3 39 0.87613 0.028384 0.028384 0.028166 0.011691 0.011691 0.011614 0.00056098 0.00047902 0.00047902 0.00044329 0.00040759 0.00040759 0.00040441 0.00037787 0.00037787
2.64 0.3 40 0.88018 0.027379 0.027379 0.02718 0.011424 0.011424 0.011352 0.00052235 0.00044723 0.00044723 0.00041499 0.00038119 0.00038119 0.00037886 0.00035368 0.00035368
2.68 0.3 41 0.88406 0.026419 0.026419 0.026239 0.011163 0.011163 0.011096 0.00048684 0.0004179 0.0004179 0.00038881 0.0003568 0.0003568 0.00035514 0.00033131 0.00033131
2.72 0.3 42 0.88777 0.025504 0.025504 0.025339 0.010908 0.010908 0.010847 0.00045416 0.00039083 0.00039083 0.00036456 0.00033423 0.00033423 0.00033313 0.0003106 0.0003106
2.76 0.3 43 0.89132 0.02463 0.02463 0.024479 0.01066 0.01066 0.010603 0.00042406 0.0003658 0.0003658 0.00034208 0.00031334 0.00031334 0.00031269 0.00029141 0.00029141
2.8 0.3 44 0.89472 0.023796 0.023796 0.023658 0.010419 0.010419 0.010366 0.0003963 0.00034266 0.00034266 0.00032122 0.00029399 0.00029399 0.0002937 0.00027362 0.00027362
2.84 0.3 45 0.89797 0.022999 0.022999 0.022872 0.010184 0.010184 0.010135 0.00037069 0.00032124 0.00032124 0.00030186 0.00027605 0.00027604 0.00027604 0.00025712 0.00025712
2.88 0.3 46 0.90109 0.022237 0.022237 0.022121 0.0099556 0.0099556 0.0099097 0.00034703 0.0003014 0.0003014 0.00028388 0.00025963 0.00025939 0.00025939 0.00024179 0.00024179
2.92 0.3 47 0.90408 0.021509 0.021509 0.021403 0.0097332 0.0097332 0.0096904 0.00032515 0.00028301 0.00028301 0.00026715 0.00024435 0.00024393 0.00024393 0.00022755 0.00022755
2.96 0.3 48 0.90694 0.020813 0.020813 0.020715 0.0095169 0.0095169 0.009477 0.00030491 0.00026594 0.00026594 0.00025159 0.00023012 0.00022956 0.00022956 0.0002143 0.0002143
3 0.3 49 0.90969 0.020147 0.020147 0.020057 0.0093065 0.0093065 0.0092693 0.00028616 0.00025009 0.00025009 0.0002371 0.00021687 0.00021619 0.00021619 0.00020198 0.00020198
3.04 0.3 50 0.91233 0.01951 0.01951 0.019427 0.0091019 0.0091019 0.0090672 0.00026878 0.00023536 0.00023536 0.00022359 0.00020451 0.00020375 0.00020375 0.00019049 0.00019049
3.08 0.3 51 0.91486 0.0189 0.0189 0.018824 0.008903 0.008903 0.0088705 0.00025266 0.00022167 0.00022167 0.000211 0.00019299 0.00019217 0.00019217 0.00017979 0.00017979
3.12 0.3 52 0.91728 0.018316 0.018316 0.018246 0.0087096 0.0087096 0.0086793 0.00023769 0.00020892 0.00020892 0.00019924 0.00018223 0.00018136 0.00018136 0.0001698 0.0001698
3.16 0.3 53 0.91962 0.017757 0.017757 0.017691 0.0085215 0.0085215 0.0084932 0.00022378 0.00019704 0.00019704 0.00018827 0.00017218 0.00017129 0.00017129 0.00016048 0.00016048
3.2 0.3 54 0.92186 0.01722 0.01722 0.01716 0.0083387 0.0083387 0.0083122 0.00021083 0.00018597 0.00018597 0.00017801 0.00016279 0.00016188 0.00016188 0.00015177 0.00015177
3.24 0.3 55 0.92401 0.016706 0.016706 0.01665 0.008161 0.008161 0.0081362 0.00019879 0.00017564 0.00017564 0.00016841 0.00015401 0.00015309 0.00015309 0.00014363 0.00014363
3.28 0.3 56 0.92608 0.016213 0.016213 0.016161 0.0079883 0.0079883 0.007965 0.00018756 0.000166 0.000166 0.00015944 0.00014579 0.00014488 0.00014488 0.00013601 0.00013601
3.32 0.3 57 0.92808 0.01574 0.01574 0.015692 0.0078203 0.0078203 0.0077984 0.0001771 0.00015699 0.00015699 0.00015103 0.0001381 0.00013719 0.00013719 0.00012888 0.00012888
3.36 0.3 58 0.92999 0.015286 0.015286 0.015241 0.007657 0.007657 0.0076365 0.00016733 0.00014857 0.00014857 0.00014315 0.00013089 0.00012999 0.00012999 0.0001222 0.0001222
3.4 0.3 59 0.93184 0.01485 0.01485 0.014808 0.0074982 0.0074982 0.007479 0.00015821 0.00014069 0.00014069 0.00013576 0.00012413 0.00012325 0.00012325 0.00011593 0.00011593
3.44 0.3 60 0.93362 0.014431 0.014431 0.014392 0.0073439 0.0073439 0.0073258 0.00014969 0.00013331 0.00013331 0.00012883 0.00011779 0.00011693 0.00011693 0.00011005 0.00011005
3.48 0.3 61 0.93533 0.014028 0.014028 0.013992 0.0071938 0.0071938 0.0071767 0.00014172 0.0001264 0.0001264 0.00012232 0.00011183 0.00011099 0.00011099 0.00010454 0.00010454
3.52 0.3 62 0.93698 0.013641 0.013641 0.013608 0.0070478 0.0070478 0.0070318 0.00013426 0.00011992 0.00011992 0.0001162 0.00010624 0.00010543 0.00010543 9.9351e-05 9.9351e-05
3.56 0.3 63 0.93857 0.013269 0.013269 0.013238 0.0069058 0.0069058 0.0068907 0.00012728 0.00011384 0.00011384 0.00011046 0.00010099 0.00010019 0.00010019 9.4478e-05 9.4478e-05
3.6 0.3 64 0.9401 0.012911 0.012911 0.012882 0.0067678 0.0067678 0.0067535 0.00012073 0.00010813 0.00010813 0.00010505 9.6044e-05 9.5276e-05 9.5276e-05 8.9893e-05 8.9893e-05
3.64 0.3 65 0.94158 0.012567 0.012567 0.012539 0.0066334 0.0066334 0.00662 0.00011459 0.00010276 0.00010276 9.9959e-05 9.1393e-05 9.065e-05 9.065e-05 8.5578e-05 8.5578e-05
3.68 0.3 66 0.943 0.012235 0.012235 0.012209 0.0065028 0.0065028 0.0064901 0.00010882 9.7719e-05 9.7719e-05 9.5166e-05 8.7013e-05 8.6295e-05 8.6295e-05 8.1514e-05 8.1514e-05
3.72 0.3 67 0.94438 0.011916 0.011916 0.011892 0.0063756 0.0063756 0.0063637 0.00010341 9.2975e-05 9.2975e-05 9.0649e-05 8.2887e-05 8.2194e-05 8.2194e-05 7.7684e-05 7.7684e-05
3.76 0.3 68 0.94571 0.011608 0.011608 0.011585 0.0062519 0.0062519 0.0062406 9.8318e-05 8.8509e-05 8.8509e-05 8.639e-05 7.8997e-05 7.833e-05 7.833e-05 7.4072e-05 7.4072e-05
3.8 0.3 69 0.94699 0.011311 0.011311 0.01129 0.0061315 0.0061315 0.0061208 9.3533e-05 8.4303e-05 8.4303e-05 8.2372e-05 7.5328e-05 7.4685e-05 7.4685e-05 7.0665e-05 7.0665e-05
3.84 0.3 70 0.94823 0.011025 0.011025 0.011006 0.0060143 0.0060143 0.0060042 8.9029e-05 8.0339e-05 8.0339e-05 7.858e-05 7.1865e-05 7.1247e-05 7.1247e-05 6.7447e-05 6.7447e-05
3.88 0.3 71 0.94943 0.01075 0.01075 0.010731 0.0059002 0.0059002 0.0058907 8.4788e-05 7.6601e-05 7.6601e-05 7.4998e-05 6.8595e-05 6.8e-05 6.8e-05 6.4408e-05 6.4408e-05
3.92 0.3 72 0.95059 0.010484 0.010484 0.010466 0.0057891 0.0057891 0.0057801 8.0792e-05 7.3074e-05 7.3074e-05 7.1613e-05 6.5505e-05 6.4933e-05 6.4933e-05 6.1535e-05 6.1535e-05
3.96 0.3 73 0.95171 0.010227 0.010227 0.01021 0.005681 0.005681 0.0056724 7.7025e-05 6.9743e-05 6.9743e-05 6.8413e-05 6.2584e-05 6.2035e-05 6.2035e-05 5.8818e-05 5.8818e-05
4 0.3 74 0.9528 0.0099789 0.0099789 0.0099635 0.0055756 0.0055756 0.0055675 7.347e-05 6.6597e-05 6.6597e-05 6.5385e-05 5.9821e-05 5.9294e-05 5.9294e-05 5.6248e-05 5.6248e-05
