   0           0           0           0
0.01    0.039938   0.0099939    0.069339
0.03     0.11848    0.089283     0.14736
0.05      0.1961      0.1668     0.22447
 0.1     0.38509     0.35905     0.41014
 0.2     0.73887     0.71878     0.75998
 0.3      1.0634       1.051      1.0758
 0.4      1.3535       1.347      1.3598
 0.5      1.5972      1.5942      1.6003
0.51      1.6181      1.6152      1.6209
0.52      1.6382      1.6355      1.6408
0.53      1.6552      1.6524       1.658
0.54      1.6741      1.6716      1.6766
0.55      1.6925      1.6902      1.6948
 0.6      1.7803      1.7789      1.7817
 0.7      1.9375      1.9367      1.9383
 0.8      2.0781      2.0775      2.0787
 0.9      2.2076      2.2069      2.2082
   1       2.328      2.3274      2.3287
